0,24,24,0
1,23,23,0
2,27,27,0
3,23,23,0
4,32,32,0
5,32,28,0
6,30,26,0
7,29,27,0
8,27,26,0
9,26,26,0
10,21,21,0
11,13,13,0
12,28,28,0
13,21,21,0
14,29,29,0
15,27,26,0
16,21,21,0
17,23,23,0
18,29,29,0
19,26,25,0
20,31,31,0
21,33,30,0
22,38,33,0
23,23,13,0
24,24,24,0
25,22,22,0
26,26,26,0
27,22,22,0
28,22,22,0
29,24,24,0
30,32,32,0
31,26,22,0
32,18,18,0
33,24,24,0
34,31,31,0
35,30,27,0
36,24,22,0
37,28,28,0
38,30,30,0
39,29,27,0
40,29,28,0
41,32,31,0
42,38,34,0
43,41,31,0
44,36,23,0
45,36,28,0
46,35,27,0
47,27,20,0
48,20,20,0
49,29,29,0
50,25,24,0
51,24,24,0
52,24,24,0
53,28,28,0
54,28,28,0
55,28,28,0
56,15,15,0
57,16,16,0
58,21,21,0
59,13,13,0
60,28,28,0
61,19,19,0
62,21,21,0
63,22,22,0
64,19,19,0
65,25,25,0
66,27,27,0
67,18,18,0
68,34,34,0
69,30,24,0
70,26,24,0
71,21,21,0
72,28,28,0
73,29,29,0
74,34,33,0
75,40,34,0
76,43,31,0
77,41,26,0
78,39,26,0
79,40,29,0
80,33,21,0
81,34,29,0
82,28,22,0
83,16,16,0
84,20,20,0
85,24,24,0
86,28,28,0
87,24,24,0
88,19,19,0
89,15,15,0
90,20,20,0
91,30,30,0
92,24,22,0
93,21,21,0
94,25,25,0
95,21,21,0
96,27,27,0
97,30,30,0
98,27,25,0
99,26,26,0
100,21,21,0
101,29,29,0
102,20,19,0
103,22,22,0
104,22,22,0
105,29,29,0
106,22,21,0
107,22,22,0
108,21,21,0
109,31,31,0
110,32,29,0
111,30,26,0
112,29,27,0
113,24,23,0
114,28,28,0
115,20,20,0
116,25,25,0
117,23,23,0
118,31,31,0
119,27,24,0
120,55,55,0
121,73,46,0
122,92,47,0
123,112,48,0
124,125,41,0
125,142,45,0
126,173,59,0
127,193,48,0
128,198,33,0
129,217,47,0
130,232,43,0
131,245,41,0
132,256,39,0
133,270,42,0
134,283,41,0
135,295,40,0
136,307,40,0
137,324,45,0
138,342,46,0
139,362,48,0
140,381,47,0
141,399,46,0
142,412,41,0
143,421,37,0
144,440,47,0
145,451,39,0
146,465,42,0
147,476,39,0
148,486,38,0
149,504,46,0
150,525,49,0
151,541,44,0
152,559,46,0
153,574,43,0
154,592,46,0
155,612,48,0
156,622,38,0
157,648,54,0
158,674,54,0
159,686,40,0
160,700,42,0
161,710,38,0
162,731,49,0
163,754,51,0
164,768,42,0
165,788,48,0
166,797,37,0
167,800,44,13
168,800,46,18
169,800,51,23
170,800,46,18
171,800,38,10
172,800,51,23
173,800,49,21
174,800,42,14
175,800,54,26
176,800,55,27
177,800,32,4
178,800,50,22
179,800,51,23
180,800,48,20
181,800,45,17
182,800,42,14
183,800,38,10
184,800,51,23
185,800,52,24
186,800,45,17
187,800,43,15
188,800,47,19
189,800,38,10
190,800,40,12
191,800,54,26
192,800,52,24
193,800,36,8
194,800,45,17
195,800,40,12
196,800,47,19
197,800,38,10
198,800,48,20
199,800,44,16
200,800,49,21
201,800,49,21
202,800,42,14
203,800,42,14
204,800,49,21
205,800,47,19
206,800,48,20
207,800,41,13
208,800,50,22
209,793,21,0
210,800,47,12
211,800,52,24
212,800,48,20
213,800,39,11
214,800,43,15
215,800,41,13
216,800,54,26
217,800,47,19
218,800,46,18
219,800,38,10
220,800,54,26
221,800,50,22
222,800,38,10
223,800,40,12
224,800,40,12
225,800,35,7
226,800,51,23
227,800,48,20
228,800,56,28
229,800,44,16
230,800,46,18
231,800,54,26
232,800,43,15
233,800,48,20
234,800,40,12
235,800,55,27
236,800,36,8
237,800,54,26
238,800,47,19
239,800,49,21
240,800,30,2
241,800,52,24
242,800,42,14
243,800,48,20
244,800,48,20
245,800,41,13
246,800,32,4
247,800,41,13
248,800,37,9
249,800,37,9
250,800,51,23
251,800,48,20
252,800,54,26
253,800,46,18
254,800,49,21
255,800,55,27
256,800,45,17
257,800,52,24
258,800,48,20
259,800,43,15
260,800,46,18
261,800,58,30
262,800,46,18
263,800,35,7
264,800,54,26
265,800,39,11
266,800,49,21
267,800,43,15
268,800,44,16
269,800,38,10
270,800,50,22
271,800,43,15
272,800,43,15
273,800,43,15
274,800,37,9
275,800,47,19
276,800,47,19
277,800,34,6
278,800,50,22
279,800,51,23
280,800,42,14
281,800,37,9
282,800,51,23
283,800,46,18
284,800,35,7
285,800,44,16
286,800,43,15
287,800,54,26
288,800,54,26
289,800,54,26
290,800,50,22
291,800,36,8
292,800,49,21
293,800,46,18
294,800,40,12
295,800,45,17
296,800,45,17
297,800,45,17
298,800,43,15
299,800,41,13
300,798,26,0
301,795,25,0
302,800,33,0
303,800,32,4
304,800,38,10
305,800,39,11
306,800,39,11
307,800,40,12
308,800,32,4
309,800,38,10
310,800,32,4
311,800,37,9
312,800,33,5
313,800,32,4
314,800,40,12
315,800,37,9
316,800,39,11
317,800,29,1
318,800,42,14
319,800,42,14
320,800,32,4
321,800,36,8
322,793,21,0
323,794,29,0
324,800,38,4
325,800,38,10
326,799,27,0
327,800,42,13
328,800,33,5
329,800,32,4
330,800,31,3
331,800,39,11
332,800,29,1
333,800,36,8
334,800,38,10
335,800,33,5
336,800,28,0
337,800,35,7
338,800,36,8
339,800,33,5
340,800,30,2
341,800,38,10
342,800,41,13
343,797,25,0
344,800,31,0
345,800,29,1
346,800,28,0
347,800,31,3
348,800,45,17
349,800,40,12
350,800,41,13
351,800,40,12
352,800,38,10
353,800,40,12
354,800,40,12
355,797,25,0
356,800,36,5
357,800,42,14
358,800,32,4
359,800,33,5
360,800,29,1
361,800,30,2
362,800,35,7
363,800,36,8
364,797,25,0
365,800,31,0
366,800,37,9
367,800,36,8
368,800,45,17
369,800,38,10
370,800,38,10
371,800,37,9
372,800,30,2
373,800,33,5
374,800,29,1
375,800,32,4
376,800,38,10
377,800,34,6
378,800,33,5
379,800,32,4
380,800,37,9
381,800,50,22
382,800,36,8
383,797,25,0
384,800,43,12
385,800,30,2
386,800,44,16
387,798,26,0
388,800,30,0
389,800,39,11
390,800,38,10
391,800,33,5
392,800,32,4
393,800,35,7
394,800,31,3
395,800,34,6
396,800,43,15
397,800,40,12
398,800,30,2
399,800,32,4
400,800,34,6
401,800,40,12
402,800,40,12
403,799,27,0
404,800,36,7
405,800,31,3
406,800,43,15
407,800,38,10
408,800,38,10
409,799,27,0
410,800,44,15
411,800,36,8
412,800,33,5
413,800,28,0
414,800,41,13
415,800,40,12
416,800,33,5
417,800,39,11
418,800,32,4
419,800,31,3
420,800,33,5
421,798,26,0
422,795,25,0
423,788,21,0
424,790,30,0
425,783,21,0
426,774,19,0
427,772,26,0
428,770,26,0
429,768,26,0
430,761,21,0
431,757,24,0
432,751,22,0
433,752,29,0
434,745,21,0
435,727,10,0
436,721,22,0
437,713,20,0
438,707,22,0
439,705,26,0
440,711,34,0
441,712,29,0
442,710,26,0
443,707,25,0
444,698,19,0
445,704,34,0
446,710,34,0
447,709,27,0
448,708,27,0
449,705,25,0
450,696,19,0
451,706,38,0
452,697,19,0
453,697,28,0
454,692,23,0
455,686,22,0
456,680,22,0
457,674,22,0
458,671,25,0
459,661,18,0
460,648,15,0
461,645,25,0
462,632,15,0
463,632,28,0
464,624,20,0
465,623,27,0
466,627,32,0
467,624,25,0
468,627,31,0
469,624,25,0
470,618,22,0
471,623,33,0
472,629,34,0
473,623,22,0
474,617,22,0
475,613,24,0
476,614,29,0
477,623,37,0
478,629,34,0
479,633,32,0
480,633,28,0
481,624,19,0
482,623,27,0
483,624,29,0
484,617,21,0
485,613,24,0
486,610,25,0
487,613,31,0
488,610,25,0
489,612,30,0
490,602,18,0
491,596,22,0
492,598,30,0
493,593,23,0
494,583,18,0
495,575,20,0
496,569,22,0
497,561,20,0
498,556,23,0
499,552,24,0
500,545,21,0
501,540,23,0
502,537,25,0
503,542,33,0
504,541,27,0
505,540,27,0
506,532,20,0
507,534,30,0
508,520,14,0
509,516,24,0
510,513,25,0
511,511,26,0
512,496,13,0
513,488,20,0
514,491,31,0
515,488,25,0
516,479,19,0
517,474,23,0
518,469,23,0
519,466,25,0
520,468,30,0
521,462,22,0
522,457,23,0
523,458,29,0
524,452,22,0
525,446,22,0
526,436,18,0
527,427,19,0
528,424,25,0
529,415,19,0
530,407,20,0
531,412,33,0
532,409,25,0
533,412,31,0
534,407,23,0
535,400,21,0
536,402,30,0
537,394,20,0
538,389,23,0
539,384,23,0
540,380,24,0
541,369,17,0
542,376,35,0
543,383,35,0
544,383,28,0
545,374,19,0
546,369,23,0
547,362,21,0
548,360,26,0
549,357,25,0
550,354,25,0
551,355,29,0
552,356,29,0
553,350,22,0
554,356,34,0
555,349,21,0
556,344,23,0
557,350,34,0
558,341,19,0
559,342,29,0
560,343,29,0
561,335,20,0
562,329,22,0
563,319,18,0
564,309,18,0
565,312,31,0
566,304,20,0
567,309,33,0
568,304,23,0
569,308,32,0
570,302,22,0
571,305,31,0
572,303,26,0
573,305,30,0
574,301,24,0
575,295,22,0
576,281,14,0
577,280,27,0
578,277,25,0
579,271,22,0
580,266,23,0
581,266,28,0
582,264,26,0
583,263,27,0
584,266,31,0
585,263,25,0
586,250,15,0
587,253,31,0
588,246,21,0
589,246,28,0
590,243,25,0
591,240,25,0
592,236,24,0
593,237,29,0
594,235,26,0
595,235,28,0
596,228,21,0
597,216,16,0
598,212,24,0
599,217,33,0
