0,15,15,0
1,27,27,0
2,20,20,0
3,30,30,0
4,23,23,0
5,23,23,0
6,27,27,0
7,26,26,0
8,27,27,0
9,36,36,0
10,23,23,0
11,25,25,0
12,22,22,0
13,24,24,0
14,29,29,0
15,24,24,0
16,23,23,0
17,26,26,0
18,21,21,0
19,24,24,0
20,24,24,0
21,28,28,0
22,19,19,0
23,24,24,0
24,19,19,0
25,28,28,0
26,27,27,0
27,28,28,0
28,26,26,0
29,27,27,0
30,23,23,0
31,30,30,0
32,20,20,0
33,34,34,0
34,24,24,0
35,25,25,0
36,24,24,0
37,26,26,0
38,30,30,0
39,19,19,0
40,34,34,0
41,17,17,0
42,26,26,0
43,15,15,0
44,23,23,0
45,28,28,0
46,16,16,0
47,19,19,0
48,22,22,0
49,23,23,0
50,28,28,0
51,29,29,0
52,19,19,0
53,31,31,0
54,19,19,0
55,15,15,0
56,24,24,0
57,18,18,0
58,25,25,0
59,17,17,0
60,24,24,0
61,22,22,0
62,23,23,0
63,30,30,0
64,37,37,0
65,20,20,0
66,25,25,0
67,24,24,0
68,28,28,0
69,23,23,0
70,28,28,0
71,25,25,0
72,30,30,0
73,22,22,0
74,24,24,0
75,35,35,0
76,26,26,0
77,22,22,0
78,24,24,0
79,22,22,0
80,22,22,0
81,29,29,0
82,27,27,0
83,21,21,0
84,29,29,0
85,24,24,0
86,26,26,0
87,15,15,0
88,26,26,0
89,17,17,0
90,19,19,0
91,27,27,0
92,21,21,0
93,29,29,0
94,29,29,0
95,29,29,0
96,17,17,0
97,20,20,0
98,37,37,0
99,26,26,0
100,38,38,0
101,16,16,0
102,23,23,0
103,21,21,0
104,18,18,0
105,30,30,0
106,15,15,0
107,27,27,0
108,18,18,0
109,18,18,0
110,26,26,0
111,27,27,0
112,21,21,0
113,21,21,0
114,23,23,0
115,24,24,0
116,27,27,0
117,34,34,0
118,34,34,0
119,22,22,0
120,38,38,0
121,47,47,0
122,51,46,0
123,57,48,0
124,58,43,0
125,58,42,0
126,64,48,0
127,59,37,0
128,55,38,0
129,46,33,0
130,45,41,0
131,50,47,0
132,47,39,0
133,56,51,0
134,55,41,0
135,60,47,0
136,69,51,0
137,62,35,0
138,61,41,0
139,57,38,0
140,68,53,0
141,68,42,0
142,71,45,0
143,69,40,0
144,70,43,0
145,69,41,0
146,84,57,0
147,83,41,0
148,86,45,0
149,95,51,0
150,105,52,0
151,98,35,0
152,98,42,0
153,101,45,0
154,107,48,0
155,102,37,0
156,108,48,0
157,112,46,0
158,118,48,0
159,126,50,0
160,124,40,0
161,125,43,0
162,129,46,0
163,119,32,0
164,120,43,0
165,120,42,0
166,126,48,0
167,125,41,0
168,117,34,0
169,120,45,0
170,116,38,0
171,115,41,0
172,110,37,0
173,123,55,0
174,134,53,0
175,128,36,0
176,135,49,0
177,124,31,0
178,129,47,0
179,134,47,0
180,141,49,0
181,151,52,0
182,150,41,0
183,142,34,0
184,142,42,0
185,135,35,0
186,141,48,0
187,145,46,0
188,156,53,0
189,163,49,0
190,170,49,0
191,175,47,0
192,172,39,0
193,172,42,0
194,176,46,0
195,176,42,0
196,174,40,0
197,177,45,0
198,196,61,0
199,206,52,0
200,219,55,0
201,222,45,0
202,228,48,0
203,225,39,0
204,226,43,0
205,221,37,0
206,235,56,0
207,235,42,0
208,234,41,0
209,227,35,0
210,227,42,0
211,234,49,0
212,236,44,0
213,243,49,0
214,239,38,0
215,241,44,0
216,248,49,0
217,244,38,0
218,254,52,0
219,265,53,0
220,271,48,0
221,273,44,0
222,278,47,0
223,277,41,0
224,281,46,0
225,283,44,0
226,281,40,0
227,283,44,0
228,285,44,0
229,291,48,0
230,299,50,0
231,302,45,0
232,299,39,0
233,292,35,0
234,288,38,0
235,292,46,0
236,298,48,0
237,297,41,0
238,298,43,0
239,311,55,0
240,325,56,0
241,326,43,0
242,329,45,0
243,332,45,0
244,338,48,0
245,335,39,0
246,342,49,0
247,333,33,0
248,339,48,0
249,339,42,0
250,334,37,0
251,327,35,0
252,329,44,0
253,332,45,0
254,327,37,0
255,334,49,0
256,344,52,0
257,353,51,0
258,354,43,0
259,363,51,0
260,378,57,0
261,381,45,0
262,390,51,0
263,395,47,0
264,393,40,0
265,397,46,0
266,399,44,0
267,411,54,0
268,416,47,0
269,422,48,0
270,425,45,0
271,424,41,0
272,436,54,0
273,439,45,0
274,451,54,0
275,458,49,0
276,469,53,0
277,473,46,0
278,475,44,0
279,479,46,0
280,480,43,0
281,487,49,0
282,484,39,0
283,485,43,0
284,488,45,0
285,496,50,0
286,496,42,0
287,493,39,0
288,502,51,0
289,500,40,0
290,498,40,0
291,504,48,0
292,504,42,0
293,497,35,0
294,497,42,0
295,490,35,0
296,491,43,0
297,491,42,0
298,498,49,0
299,504,48,0
300,491,29,0
301,478,29,0
302,459,23,0
303,459,42,0
304,456,39,0
305,455,41,0
306,451,38,0
307,444,35,0
308,443,41,0
309,445,44,0
310,431,28,0
311,423,34,0
312,419,38,0
313,406,29,0
314,404,40,0
315,393,31,0
316,390,39,0
317,377,29,0
318,366,31,0
319,362,38,0
320,356,36,0
321,347,33,0
322,336,31,0
323,342,48,0
324,339,39,0
325,333,36,0
326,317,26,0
327,311,36,0
328,310,41,0
329,303,35,0
330,292,31,0
331,280,30,0
332,263,25,0
333,268,47,0
334,255,29,0
335,246,33,0
336,233,29,0
337,222,31,0
338,215,35,0
339,210,37,0
340,209,41,0
341,202,35,0
342,199,39,0
343,190,33,0
344,181,33,0
345,175,36,0
346,157,24,0
347,161,46,0
348,148,29,0
349,143,37,0
350,137,36,0
351,130,35,0
352,119,31,0
353,115,38,0
354,111,38,0
355,97,28,0
356,95,40,0
357,87,34,0
358,87,42,0
359,93,48,0
360,84,33,0
361,83,41,0
362,67,26,0
363,57,32,0
364,43,28,0
365,29,28,0
366,48,48,0
367,37,31,0
368,30,30,0
369,37,37,0
370,45,45,0
371,45,42,0
372,48,45,0
373,51,45,0
374,47,38,0
375,38,33,0
376,31,31,0
377,34,34,0
378,37,37,0
379,34,34,0
380,42,42,0
381,35,35,0
382,28,28,0
383,34,34,0
384,34,34,0
385,33,33,0
386,43,43,0
387,32,31,0
388,46,46,0
389,34,30,0
390,33,33,0
391,34,34,0
392,42,42,0
393,36,36,0
394,43,43,0
395,38,37,0
396,30,30,0
397,33,33,0
398,41,41,0
399,38,38,0
400,38,38,0
401,43,43,0
402,36,35,0
403,38,38,0
404,34,34,0
405,39,39,0
406,28,28,0
407,30,30,0
408,25,25,0
409,39,39,0
410,36,36,0
411,31,31,0
412,35,35,0
413,34,34,0
414,30,30,0
415,40,40,0
416,37,37,0
417,33,33,0
418,43,43,0
419,31,30,0
420,41,41,0
421,35,35,0
422,20,20,0
423,41,41,0
424,26,26,0
425,19,19,0
426,21,21,0
427,28,28,0
428,19,19,0
429,30,30,0
430,20,20,0
431,22,22,0
432,31,31,0
433,30,30,0
434,31,31,0
435,14,14,0
436,19,19,0
437,14,14,0
438,28,28,0
439,23,23,0
440,25,25,0
441,34,34,0
442,27,27,0
443,21,21,0
444,23,23,0
445,24,24,0
446,28,28,0
447,21,21,0
448,26,26,0
449,29,29,0
450,19,19,0
451,24,24,0
452,12,12,0
453,24,24,0
454,22,22,0
455,19,19,0
456,24,24,0
457,20,20,0
458,19,19,0
459,24,24,0
460,21,21,0
461,27,27,0
462,33,33,0
463,17,17,0
464,28,28,0
465,17,17,0
466,27,27,0
467,19,19,0
468,27,27,0
469,30,30,0
470,28,28,0
471,26,26,0
472,32,32,0
473,32,32,0
474,30,30,0
475,25,25,0
476,22,22,0
477,15,15,0
478,27,27,0
479,17,17,0
480,23,23,0
481,18,18,0
482,22,22,0
483,20,20,0
484,23,23,0
485,29,29,0
486,29,29,0
487,22,22,0
488,24,24,0
489,32,32,0
490,26,26,0
491,22,22,0
492,21,21,0
493,22,22,0
494,21,21,0
495,26,26,0
496,25,25,0
497,26,26,0
498,21,21,0
499,29,29,0
500,28,28,0
501,18,18,0
502,30,30,0
503,31,31,0
504,26,26,0
505,28,28,0
506,21,21,0
507,16,16,0
508,28,28,0
509,20,20,0
510,17,17,0
511,20,20,0
512,22,22,0
513,30,30,0
514,24,24,0
515,20,20,0
516,19,19,0
517,37,37,0
518,30,30,0
519,28,28,0
520,27,27,0
521,29,29,0
522,23,23,0
523,21,21,0
524,20,20,0
525,29,29,0
526,25,25,0
527,28,28,0
528,28,28,0
529,21,21,0
530,21,21,0
531,33,33,0
532,27,27,0
533,22,22,0
534,33,33,0
535,21,21,0
536,23,23,0
537,28,28,0
538,29,29,0
539,20,20,0
540,23,23,0
541,22,22,0
542,28,28,0
543,22,22,0
544,23,23,0
545,30,30,0
546,19,19,0
547,26,26,0
548,23,23,0
549,20,20,0
550,16,16,0
551,23,23,0
552,32,32,0
553,30,30,0
554,25,25,0
555,30,30,0
556,29,29,0
557,26,26,0
558,26,26,0
559,17,17,0
560,13,13,0
561,24,24,0
562,20,20,0
563,33,33,0
564,32,32,0
565,25,25,0
566,24,24,0
567,21,21,0
568,44,44,0
569,21,19,0
570,26,26,0
571,25,25,0
572,19,19,0
573,28,28,0
574,29,29,0
575,29,29,0
576,20,20,0
577,30,30,0
578,17,17,0
579,31,31,0
580,24,24,0
581,13,13,0
582,19,19,0
583,26,26,0
584,24,24,0
585,26,26,0
586,31,31,0
587,25,25,0
588,27,27,0
589,18,18,0
590,22,22,0
591,24,24,0
592,30,30,0
593,26,26,0
594,29,29,0
595,29,29,0
596,25,25,0
597,30,30,0
598,23,23,0
599,24,24,0
