0,17,17,0
1,32,32,0
2,47,33,0
3,57,28,0
4,58,19,0
5,63,23,0
6,71,26,0
7,79,26,0
8,82,21,0
9,90,26,0
10,91,19,0
11,99,26,0
12,113,32,0
13,126,31,0
14,141,33,0
15,139,16,0
16,144,23,0
17,155,29,0
18,160,23,0
19,172,30,0
20,185,31,0
21,184,17,0
22,185,19,0
23,190,23,0
24,202,30,0
25,205,21,0
26,216,29,0
27,219,21,0
28,228,27,0
29,236,26,0
30,241,23,0
31,250,27,0
32,255,23,0
33,254,17,0
34,253,17,0
35,253,18,0
36,261,26,0
37,267,24,0
38,282,33,0
39,280,16,0
40,289,27,0
41,300,29,0
42,301,19,0
43,309,26,0
44,319,28,0
45,321,20,0
46,327,24,0
47,330,21,0
48,340,28,0
49,349,27,0
50,357,26,0
51,361,22,0
52,364,21,0
53,374,28,0
54,385,29,0
55,396,29,0
56,411,33,0
57,420,27,0
58,433,31,0
59,445,30,0
60,453,26,0
61,461,26,0
62,467,24,0
63,476,27,0
64,480,22,0
65,484,22,0
66,488,22,0
67,493,23,0
68,502,27,0
69,516,32,0
70,520,22,0
71,532,30,0
72,537,23,0
73,534,15,0
74,548,32,0
75,559,29,0
76,574,33,0
77,582,26,0
78,583,19,0
79,588,23,0
80,600,30,0
81,612,30,0
82,624,30,0
83,637,31,0
84,637,18,0
85,647,28,0
86,649,20,0
87,660,29,0
88,666,24,0
89,671,23,0
90,678,25,0
91,689,29,0
92,692,21,0
93,700,26,0
94,707,25,0
95,712,23,0
96,714,20,0
97,717,21,0
98,733,34,0
99,732,17,0
100,741,27,0
101,755,32,0
102,761,24,0
103,764,21,0
104,773,27,0
105,790,35,0
106,797,25,0
107,797,18,0
108,800,24,3
109,800,25,7
110,800,31,13
111,800,28,10
112,800,22,4
113,800,39,21
114,800,27,9
115,800,29,11
116,800,30,12
117,800,33,15
118,796,14,0
119,800,30,8
120,800,49,31
121,800,42,24
122,800,34,16
123,800,46,28
124,800,47,29
125,800,50,32
126,800,53,35
127,800,33,15
128,800,41,23
129,800,51,33
130,800,48,30
131,800,41,23
132,800,51,33
133,800,47,29
134,800,48,30
135,800,39,21
136,800,42,24
137,800,53,35
138,800,43,25
139,800,44,26
140,800,41,23
141,800,55,37
142,800,30,12
143,800,45,27
144,800,46,28
145,800,40,22
146,800,58,40
147,800,45,27
148,800,39,21
149,800,33,15
150,800,46,28
151,800,33,15
152,800,40,22
153,800,45,27
154,800,47,29
155,800,41,23
156,800,45,27
157,800,60,42
158,800,40,22
159,800,43,25
160,800,41,23
161,800,52,34
162,800,40,22
163,800,47,29
164,800,45,27
165,800,41,23
166,800,41,23
167,800,55,37
168,800,40,22
169,800,34,16
170,800,54,36
171,800,48,30
172,800,49,31
173,800,59,41
174,800,41,23
175,800,45,27
176,800,44,26
177,800,33,15
178,800,39,21
179,800,56,38
180,800,33,15
181,800,43,25
182,800,36,18
183,800,46,28
184,800,36,18
185,800,40,22
186,800,48,30
187,800,44,26
188,800,49,31
189,800,47,29
190,800,44,26
191,800,34,16
192,800,42,24
193,800,54,36
194,800,38,20
195,800,46,28
196,800,49,31
197,800,36,18
198,800,29,11
199,800,42,24
200,800,53,35
201,800,37,19
202,800,46,28
203,800,42,24
204,800,48,30
205,800,50,32
206,800,43,25
207,800,41,23
208,800,44,26
209,800,50,32
210,800,47,29
211,800,63,45
212,800,57,39
213,800,42,24
214,800,43,25
215,800,43,25
216,800,53,35
217,800,47,29
218,800,35,17
219,800,45,27
220,800,31,13
221,800,44,26
222,800,43,25
223,800,43,25
224,800,53,35
225,800,51,33
226,800,50,32
227,800,53,35
228,800,39,21
229,800,57,39
230,800,41,23
231,800,45,27
232,800,47,29
233,800,41,23
234,800,53,35
235,800,52,34
236,800,44,26
237,800,41,23
238,800,67,49
239,800,50,32
240,800,55,37
241,800,41,23
242,800,33,15
243,800,38,20
244,800,45,27
245,800,46,28
246,800,41,23
247,800,47,29
248,800,33,15
249,800,48,30
250,800,52,34
251,800,41,23
252,800,40,22
253,800,32,14
254,800,57,39
255,800,42,24
256,800,43,25
257,800,44,26
258,800,46,28
259,800,45,27
260,800,41,23
261,800,41,23
262,800,52,34
263,800,52,34
264,800,47,29
265,800,33,15
266,800,51,33
267,800,45,27
268,800,45,27
269,800,49,31
270,800,36,18
271,800,29,11
272,800,41,23
273,800,56,38
274,800,45,27
275,800,46,28
276,800,53,35
277,800,48,30
278,800,43,25
279,800,36,18
280,800,32,14
281,800,47,29
282,800,52,34
283,800,59,41
284,800,38,20
285,800,42,24
286,800,49,31
287,800,51,33
288,800,46,28
289,800,40,22
290,800,60,42
291,800,40,22
292,800,34,16
293,800,38,20
294,800,45,27
295,800,46,28
296,800,50,32
297,800,45,27
298,800,44,26
299,800,38,20
300,800,39,21
301,800,36,18
302,800,35,17
303,800,42,24
304,800,37,19
305,800,31,13
306,800,42,24
307,800,21,3
308,800,30,12
309,800,31,13
310,800,39,21
311,800,34,16
312,800,43,25
313,800,31,13
314,800,27,9
315,800,35,17
316,800,40,22
317,800,31,13
318,800,42,24
319,800,34,16
320,800,38,20
321,800,42,24
322,800,38,20
323,800,31,13
324,800,41,23
325,800,33,15
326,800,41,23
327,800,36,18
328,800,33,15
329,800,43,25
330,800,33,15
331,800,41,23
332,800,38,20
333,800,24,6
334,800,33,15
335,800,36,18
336,800,33,15
337,800,37,19
338,800,33,15
339,800,38,20
340,800,33,15
341,800,35,17
342,800,41,23
343,800,40,22
344,800,34,16
345,800,42,24
346,800,39,21
347,800,38,20
348,800,44,26
349,800,35,17
350,800,33,15
351,800,28,10
352,800,38,20
353,800,32,14
354,800,36,18
355,800,33,15
356,800,40,22
357,800,39,21
358,800,37,19
359,800,36,18
360,800,38,20
361,800,31,13
362,800,19,1
363,800,32,14
364,800,37,19
365,800,35,17
366,800,26,8
367,800,25,7
368,800,42,24
369,800,35,17
370,800,35,17
371,800,34,16
372,800,33,15
373,800,35,17
374,800,31,13
375,800,35,17
376,800,43,25
377,800,42,24
378,800,29,11
379,800,26,8
380,800,37,19
381,800,31,13
382,800,32,14
383,800,34,16
384,800,46,28
385,800,39,21
386,800,43,25
387,800,45,27
388,800,30,12
389,800,44,26
390,800,33,15
391,800,38,20
392,800,43,25
393,800,34,16
394,800,30,12
395,800,36,18
396,800,29,11
397,800,32,14
398,800,40,22
399,800,39,21
400,800,53,35
401,800,44,26
402,800,41,23
403,800,40,22
404,800,27,9
405,800,31,13
406,800,35,17
407,800,27,9
408,800,31,13
409,800,45,27
410,800,24,6
411,800,44,26
412,800,44,26
413,800,36,18
414,800,28,10
415,800,37,19
416,800,30,12
417,800,40,22
418,800,47,29
419,800,32,14
420,800,30,12
421,799,17,0
422,800,20,1
423,800,31,13
424,800,26,8
425,800,26,8
426,800,31,13
427,800,22,4
428,800,25,7
429,800,24,6
430,800,24,6
431,800,20,2
432,800,28,10
433,800,22,4
434,800,24,6
435,800,25,7
436,800,28,10
437,800,30,12
438,800,18,0
439,800,24,6
440,800,20,2
441,800,31,13
442,799,17,0
443,800,26,7
444,800,22,4
445,800,32,14
446,800,23,5
447,799,17,0
448,800,22,3
449,800,31,13
450,800,24,6
451,800,29,11
452,800,23,5
453,800,25,7
454,800,32,14
455,800,31,13
456,800,23,5
457,800,28,10
458,800,20,2
459,800,24,6
460,800,22,4
461,796,14,0
462,800,24,2
463,800,23,5
464,800,23,5
465,800,28,10
466,800,25,7
467,800,29,11
468,800,25,7
469,800,19,1
470,800,26,8
471,800,23,5
472,800,24,6
473,800,31,13
474,800,19,1
475,800,21,3
476,800,28,10
477,800,27,9
478,800,27,9
479,800,31,13
480,800,29,11
481,800,27,9
482,800,28,10
483,800,23,5
484,799,17,0
485,800,28,9
486,800,21,3
487,800,25,7
488,800,27,9
489,800,26,8
490,800,31,13
491,800,31,13
492,800,29,11
493,800,34,16
494,800,21,3
495,800,27,9
496,800,23,5
497,800,22,4
498,800,20,2
499,800,22,4
500,800,20,2
501,800,19,1
502,800,29,11
503,800,30,12
504,800,23,5
505,800,25,7
506,800,23,5
507,800,32,14
508,800,28,10
509,800,19,1
510,800,28,10
511,800,24,6
512,800,26,8
513,800,25,7
514,800,23,5
515,800,23,5
516,800,32,14
517,800,27,9
518,800,23,5
519,800,25,7
520,800,25,7
521,800,21,3
522,800,25,7
523,800,24,6
524,800,30,12
525,798,16,0
526,800,27,7
527,800,20,2
528,800,30,12
529,800,28,10
530,800,21,3
531,800,25,7
532,800,25,7
533,800,26,8
534,800,32,14
535,800,26,8
536,800,20,2
537,800,25,7
538,800,32,14
539,800,29,11
540,800,23,5
541,800,31,13
542,800,19,1
543,800,27,9
544,800,31,13
545,800,18,0
546,800,23,5
547,800,32,14
548,800,23,5
549,800,24,6
550,800,21,3
551,800,21,3
552,800,31,13
553,800,30,12
554,800,23,5
555,800,24,6
556,800,25,7
557,800,19,1
558,800,35,17
559,800,19,1
560,800,29,11
561,800,32,14
562,800,27,9
563,800,32,14
564,800,36,18
565,800,31,13
566,800,27,9
567,800,23,5
568,800,35,17
569,800,31,13
570,800,25,7
571,800,22,4
572,800,22,4
573,800,33,15
574,800,20,2
575,800,26,8
576,800,37,19
577,800,19,1
578,800,25,7
579,800,23,5
580,800,27,9
581,800,24,6
582,800,31,13
583,800,20,2
584,800,23,5
585,800,25,7
586,800,22,4
587,799,17,0
588,800,26,7
589,800,26,8
590,800,19,1
591,800,25,7
592,799,17,0
593,800,21,2
594,800,29,11
595,800,25,7
596,800,25,7
597,800,26,8
598,797,15,0
599,800,24,3
