0,15,15,0
1,28,27,0
2,34,20,0
3,50,30,0
4,59,23,0
5,68,23,0
6,81,27,0
7,93,26,0
8,106,27,0
9,128,36,0
10,137,23,0
11,148,25,0
12,156,22,0
13,166,24,0
14,181,29,0
15,191,24,0
16,200,23,0
17,212,26,0
18,219,21,0
19,229,24,0
20,239,24,0
21,253,28,0
22,258,19,0
23,268,24,0
24,273,19,0
25,287,28,0
26,300,27,0
27,314,28,0
28,326,26,0
29,339,27,0
30,348,23,0
31,364,30,0
32,370,20,0
33,390,34,0
34,400,24,0
35,411,25,0
36,421,24,0
37,433,26,0
38,449,30,0
39,454,19,0
40,474,34,0
41,477,17,0
42,489,26,0
43,490,15,0
44,499,23,0
45,513,28,0
46,515,16,0
47,520,19,0
48,528,22,0
49,537,23,0
50,551,28,0
51,566,29,0
52,571,19,0
53,588,31,0
54,593,19,0
55,594,15,0
56,604,24,0
57,608,18,0
58,619,25,0
59,622,17,0
60,632,24,0
61,640,22,0
62,649,23,0
63,665,30,0
64,688,37,0
65,694,20,0
66,705,25,0
67,715,24,0
68,729,28,0
69,738,23,0
70,752,28,0
71,763,25,0
72,779,30,0
73,787,22,0
74,797,24,0
75,800,35,18
76,800,26,12
77,800,22,8
78,800,24,10
79,800,22,8
80,800,22,8
81,800,29,15
82,800,27,13
83,800,21,7
84,800,29,15
85,800,24,10
86,800,26,12
87,800,15,1
88,800,26,12
89,800,17,3
90,800,19,5
91,800,27,13
92,800,21,7
93,800,29,15
94,800,29,15
95,800,29,15
96,800,17,3
97,800,20,6
98,800,37,23
99,800,26,12
100,800,38,24
101,800,16,2
102,800,23,9
103,800,21,7
104,800,18,4
105,800,30,16
106,800,15,1
107,800,27,13
108,800,18,4
109,800,18,4
110,800,26,12
111,800,27,13
112,800,21,7
113,800,21,7
114,800,23,9
115,800,24,10
116,800,27,13
117,800,34,20
118,800,34,20
119,800,22,8
120,800,38,24
121,800,47,33
122,800,46,32
123,800,48,34
124,800,43,29
125,800,42,28
126,800,48,34
127,800,37,23
128,800,38,24
129,800,33,19
130,800,41,27
131,800,47,33
132,800,39,25
133,800,51,37
134,800,41,27
135,800,47,33
136,800,51,37
137,800,35,21
138,800,41,27
139,800,38,24
140,800,53,39
141,800,42,28
142,800,45,31
143,800,40,26
144,800,43,29
145,800,41,27
146,800,57,43
147,800,41,27
148,800,45,31
149,800,51,37
150,800,52,38
151,800,35,21
152,800,42,28
153,800,45,31
154,800,48,34
155,800,37,23
156,800,48,34
157,800,46,32
158,800,48,34
159,800,50,36
160,800,40,26
161,800,43,29
162,800,46,32
163,800,32,18
164,800,43,29
165,800,42,28
166,800,48,34
167,800,41,27
168,800,34,20
169,800,45,31
170,800,38,24
171,800,41,27
172,800,37,23
173,800,55,41
174,800,53,39
175,800,36,22
176,800,49,35
177,800,31,17
178,800,47,33
179,800,47,33
180,800,49,35
181,800,52,38
182,800,41,27
183,800,34,20
184,800,42,28
185,800,35,21
186,800,48,34
187,800,46,32
188,800,53,39
189,800,49,35
190,800,49,35
191,800,47,33
192,800,39,25
193,800,42,28
194,800,46,32
195,800,42,28
196,800,40,26
197,800,45,31
198,800,61,47
199,800,52,38
200,800,55,41
201,800,45,31
202,800,48,34
203,800,39,25
204,800,43,29
205,800,37,23
206,800,56,42
207,800,42,28
208,800,41,27
209,800,35,21
210,800,42,28
211,800,49,35
212,800,44,30
213,800,49,35
214,800,38,24
215,800,44,30
216,800,49,35
217,800,38,24
218,800,52,38
219,800,53,39
220,800,48,34
221,800,44,30
222,800,47,33
223,800,41,27
224,800,46,32
225,800,44,30
226,800,40,26
227,800,44,30
228,800,44,30
229,800,48,34
230,800,50,36
231,800,45,31
232,800,39,25
233,800,35,21
234,800,38,24
235,800,46,32
236,800,48,34
237,800,41,27
238,800,43,29
239,800,55,41
240,800,56,42
241,800,43,29
242,800,45,31
243,800,45,31
244,800,48,34
245,800,39,25
246,800,49,35
247,800,33,19
248,800,48,34
249,800,42,28
250,800,37,23
251,800,35,21
252,800,44,30
253,800,45,31
254,800,37,23
255,800,49,35
256,800,52,38
257,800,51,37
258,800,43,29
259,800,51,37
260,800,57,43
261,800,45,31
262,800,51,37
263,800,47,33
264,800,40,26
265,800,46,32
266,800,44,30
267,800,54,40
268,800,47,33
269,800,48,34
270,800,45,31
271,800,41,27
272,800,54,40
273,800,45,31
274,800,54,40
275,800,49,35
276,800,53,39
277,800,46,32
278,800,44,30
279,800,46,32
280,800,43,29
281,800,49,35
282,800,39,25
283,800,43,29
284,800,45,31
285,800,50,36
286,800,42,28
287,800,39,25
288,800,51,37
289,800,40,26
290,800,40,26
291,800,48,34
292,800,42,28
293,800,35,21
294,800,42,28
295,800,35,21
296,800,43,29
297,800,42,28
298,800,49,35
299,800,48,34
300,800,29,15
301,800,29,15
302,800,23,9
303,800,42,28
304,800,39,25
305,800,41,27
306,800,38,24
307,800,35,21
308,800,41,27
309,800,44,30
310,800,28,14
311,800,34,20
312,800,38,24
313,800,29,15
314,800,40,26
315,800,31,17
316,800,39,25
317,800,29,15
318,800,31,17
319,800,38,24
320,800,36,22
321,800,33,19
322,800,31,17
323,800,48,34
324,800,39,25
325,800,36,22
326,800,26,12
327,800,36,22
328,800,41,27
329,800,35,21
330,800,31,17
331,800,30,16
332,800,25,11
333,800,47,33
334,800,29,15
335,800,33,19
336,800,29,15
337,800,31,17
338,800,35,21
339,800,37,23
340,800,41,27
341,800,35,21
342,800,39,25
343,800,33,19
344,800,33,19
345,800,36,22
346,800,24,10
347,800,46,32
348,800,29,15
349,800,37,23
350,800,36,22
351,800,35,21
352,800,31,17
353,800,38,24
354,800,38,24
355,800,28,14
356,800,40,26
357,800,34,20
358,800,42,28
359,800,48,34
360,800,33,19
361,800,41,27
362,800,26,12
363,800,32,18
364,800,28,14
365,800,28,14
366,800,48,34
367,800,31,17
368,800,30,16
369,800,37,23
370,800,45,31
371,800,42,28
372,800,45,31
373,800,45,31
374,800,38,24
375,800,33,19
376,800,31,17
377,800,34,20
378,800,37,23
379,800,34,20
380,800,42,28
381,800,35,21
382,800,28,14
383,800,34,20
384,800,34,20
385,800,33,19
386,800,43,29
387,800,31,17
388,800,46,32
389,800,30,16
390,800,33,19
391,800,34,20
392,800,42,28
393,800,36,22
394,800,43,29
395,800,37,23
396,800,30,16
397,800,33,19
398,800,41,27
399,800,38,24
400,800,38,24
401,800,43,29
402,800,35,21
403,800,38,24
404,800,34,20
405,800,39,25
406,800,28,14
407,800,30,16
408,800,25,11
409,800,39,25
410,800,36,22
411,800,31,17
412,800,35,21
413,800,34,20
414,800,30,16
415,800,40,26
416,800,37,23
417,800,33,19
418,800,43,29
419,800,30,16
420,800,41,27
421,800,35,21
422,800,20,6
423,800,41,27
424,800,26,12
425,800,19,5
426,800,21,7
427,800,28,14
428,800,19,5
429,800,30,16
430,800,20,6
431,800,22,8
432,800,31,17
433,800,30,16
434,800,31,17
435,800,14,0
436,800,19,5
437,800,14,0
438,800,28,14
439,800,23,9
440,800,25,11
441,800,34,20
442,800,27,13
443,800,21,7
444,800,23,9
445,800,24,10
446,800,28,14
447,800,21,7
448,800,26,12
449,800,29,15
450,800,19,5
451,800,24,10
452,798,12,0
453,800,24,8
454,800,22,8
455,800,19,5
456,800,24,10
457,800,20,6
458,800,19,5
459,800,24,10
460,800,21,7
461,800,27,13
462,800,33,19
463,800,17,3
464,800,28,14
465,800,17,3
466,800,27,13
467,800,19,5
468,800,27,13
469,800,30,16
470,800,28,14
471,800,26,12
472,800,32,18
473,800,32,18
474,800,30,16
475,800,25,11
476,800,22,8
477,800,15,1
478,800,27,13
479,800,17,3
480,800,23,9
481,800,18,4
482,800,22,8
483,800,20,6
484,800,23,9
485,800,29,15
486,800,29,15
487,800,22,8
488,800,24,10
489,800,32,18
490,800,26,12
491,800,22,8
492,800,21,7
493,800,22,8
494,800,21,7
495,800,26,12
496,800,25,11
497,800,26,12
498,800,21,7
499,800,29,15
500,800,28,14
501,800,18,4
502,800,30,16
503,800,31,17
504,800,26,12
505,800,28,14
506,800,21,7
507,800,16,2
508,800,28,14
509,800,20,6
510,800,17,3
511,800,20,6
512,800,22,8
513,800,30,16
514,800,24,10
515,800,20,6
516,800,19,5
517,800,37,23
518,800,30,16
519,800,28,14
520,800,27,13
521,800,29,15
522,800,23,9
523,800,21,7
524,800,20,6
525,800,29,15
526,800,25,11
527,800,28,14
528,800,28,14
529,800,21,7
530,800,21,7
531,800,33,19
532,800,27,13
533,800,22,8
534,800,33,19
535,800,21,7
536,800,23,9
537,800,28,14
538,800,29,15
539,800,20,6
540,800,23,9
541,800,22,8
542,800,28,14
543,800,22,8
544,800,23,9
545,800,30,16
546,800,19,5
547,800,26,12
548,800,23,9
549,800,20,6
550,800,16,2
551,800,23,9
552,800,32,18
553,800,30,16
554,800,25,11
555,800,30,16
556,800,29,15
557,800,26,12
558,800,26,12
559,800,17,3
560,799,13,0
561,800,24,9
562,800,20,6
563,800,33,19
564,800,32,18
565,800,25,11
566,800,24,10
567,800,21,7
568,800,44,30
569,800,19,5
570,800,26,12
571,800,25,11
572,800,19,5
573,800,28,14
574,800,29,15
575,800,29,15
576,800,20,6
577,800,30,16
578,800,17,3
579,800,31,17
580,800,24,10
581,799,13,0
582,800,19,4
583,800,26,12
584,800,24,10
585,800,26,12
586,800,31,17
587,800,25,11
588,800,27,13
589,800,18,4
590,800,22,8
591,800,24,10
592,800,30,16
593,800,26,12
594,800,29,15
595,800,29,15
596,800,25,11
597,800,30,16
598,800,23,9
599,800,24,10
