0,29,29,0
1,21,21,0
2,18,18,0
3,14,14,0
4,22,22,0
5,19,19,0
6,27,27,0
7,29,29,0
8,27,27,0
9,24,24,0
10,16,16,0
11,25,25,0
12,30,30,0
13,29,29,0
14,22,22,0
15,28,28,0
16,20,20,0
17,32,32,0
18,26,26,0
19,38,38,0
20,27,25,0
21,18,18,0
22,29,29,0
23,20,20,0
24,29,29,0
25,27,27,0
26,23,23,0
27,20,20,0
28,22,22,0
29,30,30,0
30,31,31,0
31,26,26,0
32,20,20,0
33,21,21,0
34,31,31,0
35,25,25,0
36,30,30,0
37,26,26,0
38,28,28,0
39,26,26,0
40,37,37,0
41,18,17,0
42,27,27,0
43,23,23,0
44,25,25,0
45,25,25,0
46,23,23,0
47,21,21,0
48,22,22,0
49,25,25,0
50,30,30,0
51,19,19,0
52,23,23,0
53,33,33,0
54,18,18,0
55,32,32,0
56,19,19,0
57,24,24,0
58,26,26,0
59,31,31,0
60,28,28,0
61,22,22,0
62,27,27,0
63,21,21,0
64,27,27,0
65,25,25,0
66,20,20,0
67,29,29,0
68,26,26,0
69,22,22,0
70,18,18,0
71,30,30,0
72,30,30,0
73,31,31,0
74,20,20,0
75,18,18,0
76,31,31,0
77,28,28,0
78,26,26,0
79,40,40,0
80,40,36,0
81,24,20,0
82,29,29,0
83,31,31,0
84,23,23,0
85,21,21,0
86,29,29,0
87,25,25,0
88,17,17,0
89,18,18,0
90,21,21,0
91,30,30,0
92,36,36,0
93,20,20,0
94,26,26,0
95,25,25,0
96,23,23,0
97,25,25,0
98,29,29,0
99,25,25,0
100,23,23,0
101,25,25,0
102,28,28,0
103,21,21,0
104,31,31,0
105,23,23,0
106,29,29,0
107,32,32,0
108,25,25,0
109,13,13,0
110,22,22,0
111,19,19,0
112,30,30,0
113,17,17,0
114,25,25,0
115,22,22,0
116,17,17,0
117,24,24,0
118,27,27,0
119,22,22,0
120,48,48,0
121,67,55,0
122,78,47,0
123,96,54,0
124,109,49,0
125,127,54,0
126,138,47,0
127,150,48,0
128,158,44,0
129,159,37,0
130,156,33,0
131,159,39,0
132,161,38,0
133,174,49,0
134,177,39,0
135,185,44,0
136,186,37,0
137,197,47,0
138,202,41,0
139,209,43,0
140,225,52,0
141,229,40,0
142,240,47,0
143,242,38,0
144,251,45,0
145,270,55,0
146,270,36,0
147,276,42,0
148,286,46,0
149,299,49,0
150,311,48,0
151,308,33,0
152,315,43,0
153,334,55,0
154,345,47,0
155,360,51,0
156,373,49,0
157,392,55,0
158,392,36,0
159,390,34,0
160,398,44,0
161,406,44,0
162,408,38,0
163,416,44,0
164,428,48,0
165,422,30,0
166,431,45,0
167,446,51,0
168,455,45,0
169,460,41,0
170,473,49,0
171,485,48,0
172,492,43,0
173,502,46,0
174,510,44,0
175,525,51,0
176,533,44,0
177,542,45,0
178,546,40,0
179,552,42,0
180,566,50,0
181,572,42,0
182,570,34,0
183,579,45,0
184,593,50,0
185,602,45,0
186,619,53,0
187,627,44,0
188,645,54,0
189,656,47,0
190,669,49,0
191,668,35,0
192,674,42,0
193,686,48,0
194,693,43,0
195,708,51,0
196,713,41,0
197,733,56,0
198,734,37,0
199,751,53,0
200,757,42,0
201,758,37,0
202,767,45,0
203,785,54,0
204,782,33,0
205,780,34,0
206,785,41,0
207,793,44,0
208,798,41,0
209,800,41,3
210,800,49,13
211,800,38,2
212,800,44,8
213,800,50,14
214,800,40,4
215,800,42,6
216,800,49,13
217,800,43,7
218,800,39,3
219,800,46,10
220,800,63,27
221,800,51,15
222,800,41,5
223,800,44,8
224,800,47,11
225,800,42,6
226,800,53,17
227,800,47,11
228,800,49,13
229,800,53,17
230,800,45,9
231,800,43,7
232,800,49,13
233,800,44,8
234,800,37,1
235,800,41,5
236,800,45,9
237,800,47,11
238,800,36,0
239,796,32,0
240,800,45,5
241,800,38,2
242,800,40,4
243,800,50,14
244,800,46,10
245,800,53,17
246,800,45,9
247,800,50,14
248,800,42,6
249,794,30,0
250,800,46,4
251,800,45,9
252,800,54,18
253,800,40,4
254,800,45,9
255,800,44,8
256,800,44,8
257,800,49,13
258,800,44,8
259,800,44,8
260,800,52,16
261,800,48,12
262,794,30,0
263,800,55,13
264,800,45,9
265,800,43,7
266,791,27,0
267,800,47,2
268,800,58,22
269,800,46,10
270,800,48,12
271,800,40,4
272,800,48,12
273,800,47,11
274,800,55,19
275,800,44,8
276,800,49,13
277,800,51,15
278,800,48,12
279,800,37,1
280,800,37,1
281,800,54,18
282,800,44,8
283,800,41,5
284,800,47,11
285,800,37,1
286,800,50,14
287,800,42,6
288,800,49,13
289,800,41,5
290,800,47,11
291,800,38,2
292,800,47,11
293,800,40,4
294,800,40,4
295,800,52,16
296,800,41,5
297,800,54,18
298,800,42,6
299,800,43,7
300,790,26,0
301,784,30,0
302,778,30,0
303,775,33,0
304,771,32,0
305,778,43,0
306,775,33,0
307,784,45,0
308,795,47,0
309,797,38,0
310,797,36,0
311,800,46,7
312,790,26,0
313,792,38,0
314,777,21,0
315,770,29,0
316,771,37,0
317,768,33,0
318,763,31,0
319,760,33,0
320,751,27,0
321,745,30,0
322,748,39,0
323,736,24,0
324,742,42,0
325,745,39,0
326,743,34,0
327,740,33,0
328,735,31,0
329,739,40,0
330,751,48,0
331,754,39,0
332,746,28,0
333,760,50,0
334,752,28,0
335,739,23,0
336,736,33,0
337,728,28,0
338,731,39,0
339,715,20,0
340,710,31,0
341,710,36,0
342,709,35,0
343,702,29,0
344,688,22,0
345,685,33,0
346,688,39,0
347,685,33,0
348,689,40,0
349,686,33,0
350,682,32,0
351,675,29,0
352,673,34,0
353,680,43,0
354,683,39,0
355,672,25,0
356,667,31,0
357,670,39,0
358,689,55,0
359,696,43,0
360,698,38,0
361,706,44,0
362,706,36,0
363,697,27,0
364,687,26,0
365,688,37,0
366,685,33,0
367,684,35,0
368,687,39,0
369,678,27,0
370,676,34,0
371,679,39,0
372,678,35,0
373,677,35,0
374,672,31,0
375,663,27,0
376,659,32,0
377,651,28,0
378,643,28,0
379,635,28,0
380,637,38,0
381,642,41,0
382,645,39,0
383,647,38,0
384,641,30,0
385,647,42,0
386,641,30,0
387,637,32,0
388,641,40,0
389,642,37,0
390,644,38,0
391,645,37,0
392,638,29,0
393,626,24,0
394,632,42,0
395,636,40,0
396,635,35,0
397,634,35,0
398,620,22,0
399,624,40,0
400,624,36,0
401,619,31,0
402,620,37,0
403,630,46,0
404,632,38,0
405,643,47,0
406,637,30,0
407,641,40,0
408,641,36,0
409,635,30,0
410,642,43,0
411,641,35,0
412,644,39,0
413,641,33,0
414,646,41,0
415,645,35,0
416,649,40,0
417,645,32,0
418,645,36,0
419,660,51,0
420,647,23,0
421,633,22,0
422,628,31,0
423,619,27,0
424,612,29,0
425,600,24,0
426,589,25,0
427,578,25,0
428,574,32,0
429,560,22,0
430,541,17,0
431,537,32,0
432,525,24,0
433,510,21,0
434,498,24,0
435,481,19,0
436,463,18,0
437,458,31,0
438,449,27,0
439,443,30,0
440,436,29,0
441,424,24,0
442,428,40,0
443,414,22,0
444,410,32,0
445,402,28,0
446,398,32,0
447,385,23,0
448,370,21,0
449,352,18,0
450,337,21,0
451,333,32,0
452,321,24,0
453,307,22,0
454,299,28,0
455,290,27,0
456,282,28,0
457,269,23,0
458,258,25,0
459,241,19,0
460,229,24,0
461,214,21,0
462,201,23,0
463,192,27,0
464,177,21,0
465,161,20,0
466,152,27,0
467,143,27,0
468,131,24,0
469,128,33,0
470,118,26,0
471,109,27,0
472,99,26,0
473,87,24,0
474,74,23,0
475,66,28,0
476,50,20,0
477,46,32,0
478,38,28,0
479,22,20,0
480,19,19,0
481,26,26,0
482,27,27,0
483,16,16,0
484,20,20,0
485,12,12,0
486,29,29,0
487,32,32,0
488,23,23,0
489,20,20,0
490,21,21,0
491,30,30,0
492,18,18,0
493,27,27,0
494,31,31,0
495,28,28,0
496,22,22,0
497,19,19,0
498,22,22,0
499,22,22,0
500,24,24,0
501,24,24,0
502,27,27,0
503,34,34,0
504,28,28,0
505,18,18,0
506,28,28,0
507,18,18,0
508,25,25,0
509,40,40,0
510,32,28,0
511,29,29,0
512,15,15,0
513,18,18,0
514,27,27,0
515,21,21,0
516,16,16,0
517,23,23,0
518,26,26,0
519,22,22,0
520,31,31,0
521,25,25,0
522,27,27,0
523,23,23,0
524,25,25,0
525,24,24,0
526,35,35,0
527,22,22,0
528,26,26,0
529,26,26,0
530,21,21,0
531,32,32,0
532,30,30,0
533,26,26,0
534,24,24,0
535,26,26,0
536,31,31,0
537,25,25,0
538,13,13,0
539,20,20,0
540,24,24,0
541,25,25,0
542,27,27,0
543,18,18,0
544,23,23,0
545,25,25,0
546,14,14,0
547,25,25,0
548,21,21,0
549,25,25,0
550,22,22,0
551,26,26,0
552,29,29,0
553,24,24,0
554,21,21,0
555,30,30,0
556,31,31,0
557,29,29,0
558,29,29,0
559,22,22,0
560,23,23,0
561,25,25,0
562,32,32,0
563,27,27,0
564,23,23,0
565,26,26,0
566,33,33,0
567,23,23,0
568,23,23,0
569,23,23,0
570,31,31,0
571,24,24,0
572,29,29,0
573,26,26,0
574,31,31,0
575,26,26,0
576,23,23,0
577,28,28,0
578,38,38,0
579,33,31,0
580,22,22,0
581,25,25,0
582,29,29,0
583,26,26,0
584,22,22,0
585,25,25,0
586,21,21,0
587,23,23,0
588,24,24,0
589,33,33,0
590,24,24,0
591,24,24,0
592,21,21,0
593,30,30,0
594,32,32,0
595,27,27,0
596,20,20,0
597,25,25,0
598,24,24,0
599,22,22,0
