0,24,24,0
1,19,19,0
2,27,27,0
3,22,22,0
4,30,30,0
5,24,24,0
6,14,14,0
7,30,30,0
8,26,26,0
9,21,21,0
10,25,25,0
11,31,31,0
12,25,25,0
13,24,24,0
14,29,29,0
15,29,29,0
16,23,23,0
17,34,34,0
18,20,20,0
19,26,26,0
20,19,19,0
21,17,17,0
22,30,30,0
23,23,23,0
24,33,33,0
25,28,28,0
26,22,22,0
27,32,32,0
28,22,22,0
29,26,26,0
30,23,23,0
31,25,25,0
32,23,23,0
33,13,13,0
34,29,29,0
35,14,14,0
36,23,23,0
37,25,25,0
38,21,21,0
39,28,28,0
40,23,23,0
41,25,25,0
42,29,29,0
43,17,17,0
44,27,27,0
45,25,25,0
46,26,26,0
47,26,26,0
48,11,11,0
49,19,19,0
50,27,27,0
51,29,29,0
52,26,26,0
53,32,32,0
54,20,20,0
55,19,19,0
56,43,43,0
57,24,24,0
58,39,39,0
59,18,18,0
60,29,29,0
61,29,29,0
62,24,24,0
63,27,27,0
64,24,24,0
65,24,24,0
66,24,24,0
67,22,22,0
68,20,20,0
69,24,24,0
70,36,36,0
71,23,23,0
72,21,21,0
73,25,25,0
74,30,30,0
75,21,21,0
76,19,19,0
77,29,29,0
78,25,25,0
79,25,25,0
80,28,28,0
81,18,18,0
82,23,23,0
83,20,20,0
84,26,26,0
85,29,29,0
86,35,35,0
87,31,31,0
88,30,30,0
89,36,36,0
90,21,21,0
91,25,25,0
92,20,20,0
93,32,32,0
94,21,21,0
95,37,37,0
96,22,22,0
97,35,35,0
98,26,26,0
99,28,28,0
100,25,25,0
101,25,25,0
102,20,20,0
103,29,29,0
104,31,31,0
105,23,23,0
106,24,24,0
107,22,22,0
108,19,19,0
109,32,32,0
110,26,26,0
111,21,21,0
112,29,29,0
113,34,34,0
114,28,28,0
115,30,30,0
116,27,27,0
117,17,17,0
118,21,21,0
119,24,24,0
120,38,38,0
121,25,25,0
122,32,32,0
123,49,49,0
124,44,44,0
125,36,36,0
126,40,40,0
127,46,46,0
128,49,49,0
129,38,38,0
130,68,68,0
131,59,45,0
132,50,45,0
133,48,48,0
134,43,43,0
135,47,47,0
136,34,34,0
137,50,50,0
138,54,54,0
139,36,36,0
140,50,50,0
141,40,40,0
142,45,45,0
143,43,43,0
144,43,43,0
145,45,45,0
146,45,45,0
147,58,58,0
148,48,44,0
149,59,59,0
150,46,41,0
151,29,29,0
152,50,50,0
153,37,37,0
154,43,43,0
155,52,52,0
156,36,36,0
157,41,41,0
158,56,56,0
159,58,56,0
160,41,37,0
161,43,43,0
162,44,44,0
163,50,50,0
164,43,43,0
165,41,41,0
166,51,51,0
167,47,47,0
168,53,53,0
169,48,48,0
170,36,36,0
171,34,34,0
172,46,46,0
173,51,51,0
174,56,56,0
175,41,39,0
176,46,46,0
177,32,32,0
178,47,47,0
179,39,39,0
180,57,57,0
181,47,44,0
182,47,47,0
183,48,48,0
184,44,44,0
185,49,49,0
186,33,33,0
187,44,44,0
188,48,48,0
189,42,42,0
190,46,46,0
191,40,40,0
192,35,35,0
193,49,49,0
194,35,35,0
195,59,59,0
196,52,47,0
197,43,43,0
198,37,37,0
199,34,34,0
200,47,47,0
201,40,40,0
202,40,40,0
203,51,51,0
204,37,37,0
205,58,58,0
206,57,53,0
207,51,48,0
208,51,51,0
209,38,38,0
210,43,43,0
211,45,45,0
212,50,50,0
213,52,52,0
214,47,47,0
215,44,44,0
216,41,41,0
217,42,42,0
218,38,38,0
219,37,37,0
220,45,45,0
221,39,39,0
222,44,44,0
223,52,52,0
224,49,49,0
225,47,47,0
226,30,30,0
227,46,46,0
228,41,41,0
229,46,46,0
230,41,41,0
231,41,41,0
232,29,29,0
233,49,49,0
234,52,52,0
235,46,46,0
236,50,50,0
237,52,52,0
238,44,44,0
239,46,46,0
240,44,44,0
241,48,48,0
242,50,50,0
243,53,53,0
244,55,55,0
245,50,49,0
246,44,44,0
247,48,48,0
248,38,38,0
249,49,49,0
250,43,43,0
251,46,46,0
252,35,35,0
253,46,46,0
254,43,43,0
255,42,42,0
256,38,38,0
257,37,37,0
258,50,50,0
259,56,56,0
260,47,45,0
261,51,51,0
262,47,47,0
263,41,41,0
264,41,41,0
265,36,36,0
266,49,49,0
267,43,43,0
268,48,48,0
269,44,44,0
270,45,45,0
271,41,41,0
272,39,39,0
273,42,42,0
274,48,48,0
275,49,49,0
276,44,44,0
277,52,52,0
278,39,39,0
279,50,50,0
280,44,44,0
281,48,48,0
282,47,47,0
283,47,47,0
284,46,46,0
285,42,42,0
286,42,42,0
287,40,40,0
288,56,56,0
289,41,39,0
290,36,36,0
291,36,36,0
292,44,44,0
293,47,47,0
294,35,35,0
295,48,48,0
296,42,42,0
297,37,37,0
298,42,42,0
299,46,46,0
300,37,37,0
301,28,28,0
302,30,30,0
303,31,31,0
304,33,33,0
305,29,29,0
306,39,39,0
307,38,38,0
308,31,31,0
309,30,30,0
310,38,38,0
311,24,24,0
312,29,29,0
313,40,40,0
314,46,46,0
315,41,41,0
316,40,40,0
317,43,43,0
318,32,32,0
319,32,32,0
320,45,45,0
321,29,29,0
322,39,39,0
323,40,40,0
324,37,37,0
325,34,34,0
326,35,35,0
327,42,42,0
328,40,40,0
329,38,38,0
330,43,43,0
331,29,29,0
332,38,38,0
333,36,36,0
334,33,33,0
335,28,28,0
336,40,40,0
337,41,41,0
338,42,42,0
339,30,30,0
340,33,33,0
341,39,39,0
342,32,32,0
343,29,29,0
344,23,23,0
345,34,34,0
346,41,41,0
347,28,28,0
348,39,39,0
349,37,37,0
350,32,32,0
351,37,37,0
352,32,32,0
353,32,32,0
354,31,31,0
355,42,42,0
356,25,25,0
357,44,44,0
358,25,25,0
359,30,30,0
360,24,24,0
361,43,43,0
362,43,43,0
363,36,36,0
364,29,29,0
365,28,28,0
366,30,30,0
367,39,39,0
368,29,29,0
369,35,35,0
370,43,43,0
371,43,43,0
372,37,37,0
373,32,32,0
374,24,24,0
375,35,35,0
376,25,25,0
377,34,34,0
378,39,39,0
379,34,34,0
380,45,45,0
381,28,28,0
382,37,37,0
383,42,42,0
384,29,29,0
385,35,35,0
386,55,55,0
387,37,36,0
388,44,44,0
389,23,23,0
390,36,36,0
391,37,37,0
392,42,42,0
393,32,32,0
394,35,35,0
395,43,43,0
396,30,30,0
397,47,47,0
398,31,31,0
399,31,31,0
400,22,22,0
401,41,41,0
402,28,28,0
403,31,31,0
404,36,36,0
405,41,41,0
406,45,45,0
407,37,37,0
408,56,56,0
409,33,31,0
410,37,37,0
411,33,33,0
412,26,26,0
413,36,36,0
414,34,34,0
415,32,32,0
416,40,40,0
417,23,23,0
418,32,32,0
419,34,34,0
420,36,36,0
421,19,19,0
422,24,24,0
423,25,25,0
424,24,24,0
425,19,19,0
426,22,22,0
427,12,12,0
428,30,30,0
429,29,29,0
430,22,22,0
431,17,17,0
432,28,28,0
433,22,22,0
434,32,32,0
435,21,21,0
436,35,35,0
437,25,25,0
438,26,26,0
439,30,30,0
440,28,28,0
441,19,19,0
442,17,17,0
443,27,27,0
444,31,31,0
445,38,38,0
446,21,21,0
447,27,27,0
448,31,31,0
449,25,25,0
450,23,23,0
451,25,25,0
452,24,24,0
453,29,29,0
454,21,21,0
455,22,22,0
456,32,32,0
457,22,22,0
458,26,26,0
459,27,27,0
460,27,27,0
461,30,30,0
462,15,15,0
463,28,28,0
464,22,22,0
465,20,20,0
466,24,24,0
467,28,28,0
468,22,22,0
469,20,20,0
470,25,25,0
471,25,25,0
472,22,22,0
473,24,24,0
474,29,29,0
475,24,24,0
476,21,21,0
477,21,21,0
478,25,25,0
479,27,27,0
480,14,14,0
481,26,26,0
482,26,26,0
483,34,34,0
484,20,20,0
485,20,20,0
486,22,22,0
487,26,26,0
488,22,22,0
489,22,22,0
490,28,28,0
491,19,19,0
492,22,22,0
493,20,20,0
494,26,26,0
495,20,20,0
496,24,24,0
497,15,15,0
498,24,24,0
499,20,20,0
500,23,23,0
501,23,23,0
502,24,24,0
503,21,21,0
504,31,31,0
505,26,26,0
506,21,21,0
507,28,28,0
508,23,23,0
509,21,21,0
510,25,25,0
511,18,18,0
512,16,16,0
513,23,23,0
514,20,20,0
515,23,23,0
516,21,21,0
517,30,30,0
518,23,23,0
519,41,41,0
520,24,24,0
521,22,22,0
522,30,30,0
523,23,23,0
524,20,20,0
525,20,20,0
526,25,25,0
527,32,32,0
528,14,14,0
529,23,23,0
530,31,31,0
531,18,18,0
532,34,34,0
533,21,21,0
534,20,20,0
535,18,18,0
536,29,29,0
537,17,17,0
538,19,19,0
539,28,28,0
540,28,28,0
541,25,25,0
542,18,18,0
543,26,26,0
544,29,29,0
545,27,27,0
546,23,23,0
547,26,26,0
548,26,26,0
549,28,28,0
550,18,18,0
551,19,19,0
552,16,16,0
553,24,24,0
554,20,20,0
555,18,18,0
556,21,21,0
557,20,20,0
558,28,28,0
559,25,25,0
560,18,18,0
561,18,18,0
562,17,17,0
563,25,25,0
564,23,23,0
565,22,22,0
566,25,25,0
567,32,32,0
568,20,20,0
569,31,31,0
570,22,22,0
571,29,29,0
572,25,25,0
573,34,34,0
574,28,28,0
575,19,19,0
576,25,25,0
577,27,27,0
578,32,32,0
579,23,23,0
580,19,19,0
581,24,24,0
582,21,21,0
583,23,23,0
584,29,29,0
585,26,26,0
586,28,28,0
587,33,33,0
588,25,25,0
589,29,29,0
590,18,18,0
591,25,25,0
592,31,31,0
593,17,17,0
594,32,32,0
595,28,28,0
596,26,26,0
597,27,27,0
598,26,26,0
599,24,24,0
